R=1.000000, sigma0=0.418183, median=16.666462
R=0.980547, sigma0=0.428510, median=17.419848
R=0.980547, sigma0=0.418183, median=16.631588